16.3933504	737.9335058	410.8569375	22.042927	22.0915666	8.0591257	100.2206585	164.776	22.382	4707.1	2882.3	31.456	21.476	28.75	68.27314344	205.6	59.4709891	20.05150226	NA	154.124865	NA	545.1	17.47	24.35439192	38.9042285	16.56174226	6.931121425
16.733348	752.1179957	415.9702592	22.5776892	22.6056158	8.2723582	100.1236911	172.953	22.694	4715.4	2895.6	32.078	21.724	28.762	67.72242659	207.2	62.21789451	20.2773111	NA	153.0972745	NA	549	17.72	24.19141623	38.64388763	16.99994137	6.912724161
16.9833913	761.1791874	420.9603675	23.0248009	22.7185664	8.502546	98.66997981	174.245	22.88	4757.2	2921.1	32.007	22.258	28.777	69.5410379	209.9	64.71961059	20.46564955	NA	152.7458388	NA	555.7	17.9	24.28758741	38.79751354	17.47298412	6.800764277
17.1748019	770.3999778	429.134734	23.373576	22.8627938	8.709113	97.81470238	182.409	23.182	4708.3	2913.1	32.126	22.484	29.299	69.98692648	213.7	67.09500425	20.72362542	NA	152.6830908	NA	556.3	18.16	23.99706669	38.3334295	17.89748543	6.762823597
17.6363808	769.0529417	432.0896393	23.5453778	23.0745857	9.029972	98.00049036	181.487	23.536	4834.3	2968.9	33.063	23.052	29.028	69.72144089	217.2	69.44526565	21.10323086	NA	153.016435	0.972365128	570.5	18.31	24.23946295	38.72063849	18.55686019	7.365412278
17.8364832	778.9046332	438.5008594	23.7751709	23.2892174	9.1121673	97.95604624	193.788	23.846	4861.9	2996.1	33.136	23.132	29.323	69.80927088	221.8	70.97509299	21.45917206	NA	152.2262692	0.967501374	580.4	18.48	24.33951187	38.88045878	18.72577397	8.823929354
18.1006639	791.0523564	442.3268786	24.0045308	23.7391301	9.2754348	98.89437247	196.66	24.088	4900	3020	32.973	23.414	29.488	71.00961393	225.7	73.37354522	21.71178559	NA	149.9918165	0.951682809	588.8	18.66	24.44370641	39.04690138	19.06129352	8.753291983
18.350535	797.3441583	447.4262614	23.8611664	23.6337954	9.4578743	99.04710861	203.472	24.288	4914.3	3070.2	33.175	23.757	29.931	71.61115298	227.8	75.41180848	22.04091711	NA	149.7927579	0.927411266	598.4	18.8	24.63768116	39.35676081	19.4362121	8.759153729
18.7612096	809.1593067	455.0437899	24.0854032	23.4433839	9.7228639	97.33440501	204.783	24.664	5002.4	3110.8	34.08	24.152	30.39	70.8685446	232.2	78.67345843	22.413587	NA	147.4462072	0.887363974	618.5	18.96	25.07703536	40.05859463	19.98077358	9.412250455
19.0256384	814.6077415	457.0445441	24.6028682	23.5048637	9.8596772	95.53708742	219.576	24.815	5118.3	3170.2	34.34	24.777	29.999	72.15200932	236	80.31769399	22.73371899	NA	146.7538335	0.882077456	630.4	19.08	25.40398952	40.58087824	20.26192897	9.535665911
19.2962247	825.7464329	465.2903828	24.599075	24.0781608	9.9905642	97.88238298	224.214	25.048	5165.4	3219.1	34.459	25.183	30.241	73.08105285	241	82.49672726	23.13748044	NA	145.2458644	0.89282742	642.3	19.23	25.64276589	40.96230473	20.53090564	9.402875509
19.6483184	837.8339217	469.9912712	25.4799364	24.6574828	10.1791627	96.77215207	232.653	25.366	5251.2	3294.6	35.221	25.756	30.533	73.12682774	246.9	85.28447844	23.61343003	NA	145.1429944	0.903780556	664	19.43	26.17677206	41.81533765	20.91848115	9.776211491
20.2735366	853.9642596	479.8299415	25.866642	25.2990811	10.5307092	97.80581917	231.386	25.661	5380.5	3354.8	36.191	26.537	30.855	73.32485977	251.8	89.92849253	24.11007034	NA	143.0714214	0.865006786	683.4	19.74	26.63185379	42.54229497	21.64091963	10.77139056
20.7633401	864.3185336	484.7258833	26.0827276	26.1254229	10.7954575	100.1636919	240.902	26.052	5441.5	3353.4	37.801	28.64	31.185	75.7651914	254.8	93.30713957	24.69443309	NA	139.5506629	0.816771046	700.2	20.15	26.8770152	42.93392108	22.18498523	12.0463436
21.3333868	876.1877824	487.227513	27.3954185	26.9239346	11.1132829	98.27896807	237.12	26.549	5411.9	3365.3	39.992	30.003	32.221	75.0225045	257.7	97.3732274	25.19593399	NA	129.889136	0.76804483	716.2	20.55	26.97653396	43.09289448	22.83812585	13.68495951
21.7921605	885.7610976	492.0679523	28.7596379	28.7696343	11.4676615	100.0347584	248.945	27.077	5462.4	3355.5	42.045	32.242	32.701	76.6845047	261	101.5760841	25.85881773	NA	132.3494197	0.803514045	735.4	21.06	27.15958193	43.38529924	23.56638438	13.97562036
22.5308635	894.5308786	492.5785468	30.933305	33.5746621	11.8419455	108.5388778	244.229	27.592	5417	3326.2	45.02	37.312	33.759	82.87872057	265.3	105.9298587	26.74256976	NA	138.2842574	0.866909238	748.2	21.69	27.11655552	43.31656793	24.3355491	30.25369077
23.320451	896.1495056	497.2360598	33.1148447	36.8016898	12.4378395	111.1335117	256.524	28.248	5431.3	3337.9	46.595	41.56	34.682	89.19411954	267.8	111.4616372	27.64146727	NA	135.8516131	0.828946612	765.3	22.27	27.09218352	43.27763557	25.56012894	27.65015505
24.1504467	902.2544459	500.4630034	34.495583	38.1623168	12.8320956	110.6295748	256.656	29.067	5378.7	3351.6	49.24	43.681	36.118	88.71039805	270.1	115.7781527	28.45109612	NA	135.9894533	0.83865368	783.2	22.9	26.94464513	43.04195458	26.37033691	25.39281626
24.9643482	887.8777394	495.6479523	35.8038114	39.1153235	13.6070809	109.2490491	271.361	29.923	5357.2	3302.5	51.755	45.091	36.733	87.12394938	273.4	120.814242	29.36909215	NA	133.9605757	0.825004699	792.5	23.6	26.48464392	42.30713877	27.96295468	26.02468853
25.6117102	879.5909798	498.9035974	35.7182806	38.6160002	14.1225902	108.1127074	266.667	30.601	5292.4	3330.1	53.192	45.839	37.417	86.17649271	275.1	124.2210291	29.83797825	NA	128.5923427	0.775022375	792	24.11	25.88150714	41.34367513	29.02234158	24.78398264
26.252414	884.1325092	505.932414	35.8581213	38.3335412	14.5283156	106.9033731	284.647	31.059	5333.2	3385.7	53.027	45.979	37.564	86.70865785	279.3	128.4495609	30.57104812	NA	126.8259628	0.770773306	800.4	24.4	25.77030812	41.16604344	29.8561193	23.63446949
26.7858401	892.0303404	512.0909272	36.2376638	38.8823716	14.8770961	107.2982293	292.405	31.612	5421.4	3434.1	52.86	44.958	37.703	85.05107832	284.5	132.7082113	31.10108785	NA	130.5476994	0.830568022	821.3	24.89	25.98064026	41.50203251	30.57287357	23.75864442
27.3438272	901.4563031	519.0418941	36.6052381	39.9116302	15.1839801	109.0325655	308.869	32.139	5494.4	3470.5	53.177	45.014	38.349	84.64937849	286.4	136.8769454	31.68116072	NA	131.110405	0.850290753	845.8	25.35	26.31693581	42.03923824	31.20352929	23.59889953
27.9087069	916.1746473	525.8160234	37.4764348	40.9356467	15.4057284	109.2303655	303.989	32.473	5618.5	3539.9	53.945	45.719	38.619	84.75113542	290.6	141.1433776	32.5316093	NA	133.7654339	0.869432691	871.3	25.64	26.83152157	42.86124858	31.65922862	25.61660527
29.0658384	927.9568372	529.5556024	39.2815559	43.2389362	15.9545021	110.074398	323.407	32.803	5661	3572.4	54.535	46.401	39.053	85.08480792	295.6	148.0508932	33.50223518	NA	135.3403892	0.903619671	889.4	25.86	27.11337378	43.31148534	32.78697485	26.6568853
29.876479	935.7684831	533.6605866	40.6698934	44.9805012	16.5375367	110.5990143	320.982	33.226	5689.8	3610.3	54.858	47.228	39.749	86.09136316	298.6	154.7530561	34.05090865	NA	135.3211853	0.907726612	908.5	26.28	27.3430446	43.67836645	33.98512823	27.327862
30.6445786	950.7984039	539.6370447	41.7585498	46.3757556	16.8640366	111.0569113	330.175	33.815	5732.5	3657.5	55.845	47.719	40.441	85.44901065	303.9	160.3429912	34.9688607	NA	131.0835911	0.897869754	930	26.66	27.50258761	43.93322387	34.65609521	27.87012343
31.3704748	954.7179333	540.8723259	42.5836616	47.2594228	17.2730244	110.9801765	330.655	34.359	5799.2	3699.3	56.495	49.414	40.965	87.46614745	311.2	164.9086612	35.912474	NA	132.3054537	0.89315357	950.1	27.15	27.65214354	44.17212773	35.49657726	30.40612377
32.3393364	956.0042947	547.9129869	43.3319658	48.1995839	17.9692062	111.2333194	351.851	34.841	5913	3719.7	57.332	50.796	41.564	88.59973488	317.3	171.7863829	36.82994628	NA	132.2340292	0.886369796	981	27.62	28.15648231	44.9777693	36.9272515	30.76549856
33.0393961	956.7555601	552.2832635	43.9436634	48.5554521	18.3971814	110.4947752	357.066	35.27	6017.6	3755.2	57.038	51.475	41.898	90.24685298	322.3	176.0160556	37.57627957	NA	132.7867313	0.874754955	1007.6	28.01	28.56818826	45.63543723	37.80675323	29.05455634
33.7790459	968.199641	557.8163185	44.7957903	49.444831	18.7081467	110.3782982	371.275	36.036	6018.2	3811.8	57.29	52.001	43.066	90.76802234	328.6	181.1322094	38.20132711	NA	133.8050509	0.851982304	1038.2	28.42	28.81007881	46.02183839	38.44579614	28.08247281
34.580168	974.4254571	559.5247401	45.4394305	49.6144335	19.2092441	109.1880619	370.689	36.573	6039.2	3833.8	58.38	52.864	44.649	90.55155875	335.6	187.1797644	38.87954023	NA	132.4868828	0.808144601	1064.3	28.91	29.1007027	46.48608724	39.47556615	27.96019019
35.4153956	985.5436241	565.6602025	46.263641	49.9749995	19.4893551	108.0221928	390.814	37.242	6274	3915.6	59.813	54.138	44.257	90.51209603	343.9	192.0760968	39.69925807	NA	132.4378247	0.80934809	1106.1	29.56	29.70033833	47.44395805	40.05120256	27.97353014
36.2124418	990.1593614	569.8880034	46.5679539	50.0469151	19.9982489	107.4707195	396.191	37.865	6335.3	3932	60.781	55.032	44.857	90.5414521	349.8	198.0145336	40.33424667	NA	134.9222366	0.780292114	1137.2	30.25	30.03301202	47.97537815	41.09699441	28.17509108
36.9452045	1001.951243	576.30598	47.4300287	50.6361775	20.3448986	106.7597446	417.978	38.661	6420.3	3963.5	62.772	55.992	45.768	89.19900593	355.3	203.8459642	40.94564698	NA	130.8439815	0.745242923	1175.1	30.96	30.39497168	48.55358028	41.80936982	30.56562174
37.7675744	1007.068742	580.2940015	48.4598368	52.3171483	20.9239241	107.9598112	414.571	39.352	6433	3983.6	64.63	58.174	47.441	90.01083088	360.3	210.7182988	41.89655266	NA	128.6525162	0.738499889	1208.4	31.74	30.70746087	49.05275722	42.99928439	38.33513886
38.6739511	1023.201764	591.3371668	50.3284749	54.5132403	21.1816394	108.314906	435.604	40.304	6440.8	3981.3	67.274	61.202	48.615	90.97422481	370.3	216.7309082	42.85342138	NA	129.5800765	0.750670533	1234.1	32.74	30.6197896	48.91270925	43.52889697	49.32837559
39.7993753	1028.421419	589.1326326	51.9887243	57.4018501	21.9649337	110.4121151	434.311	41.165	6487.1	4020.4	68.866	65.783	49.736	95.52318996	378.4	225.8920831	43.88003945	NA	127.9244438	0.719858782	1268.3	33.8	30.81015426	49.21680185	45.13858998	54.5471957
40.867962	1038.189598	595.1401405	53.7045739	60.3631531	22.5378459	112.3985328	458.548	41.986	6503.9	4031.2	70.151	70.171	51.034	100.0285099	381.1	233.9855714	44.98596313	NA	122.8381619	0.71193665	1302.8	34.87	31.02939075	49.56701492	46.31594154	58.93917281
42.0660155	1047.988214	600.5557095	55.6690547	64.0613462	23.1560003	115.075326	447.85	42.859	6524.9	4025	72.24	76.08	52.25	105.3156146	388.1	242.6721535	46.53423509	NA	122.8756785	0.708656271	1335	36.24	31.14865023	49.75752257	47.58626716	58.92177656
43.1831448	1043.067318	596.8826982	57.189964	66.9348241	23.8519353	117.0394584	467.166	43.8	6392.6	3934.5	73.248	78.876	54.183	107.6834862	385.9	248.7917422	47.74179328	NA	126.232654	0.718867284	1351.1	37.47	30.84703196	49.27571109	49.01643422	56.9980981
44.2037218	1042.472719	601.2053619	58.2149893	67.8186341	24.5048527	116.4968592	466.001	44.808	6382.9	3976.9	75.331	81.097	55.429	107.6542194	399.3	255.4564037	48.83946706	NA	127.066184	0.702625956	1376.2	38.17	30.71326549	49.06202965	50.35819883	54.36231559
45.1479942	1042.962398	600.8748444	59.6884249	70.2286201	25.1487175	117.6586921	492.65	46.046	6501.2	4029.6	77.876	82.48	56.27	105.9119626	409.4	262.2916666	50.03874337	NA	135.4786491	0.745127976	1431.8	39.24	31.09499196	49.67180771	51.68136009	58.48301347
46.1849391	1043.968729	600.4475296	61.9738276	74.5468651	25.6606862	120.2876569	476.58	47.196	6635.7	4050.8	79.818	84.515	56.561	105.8846376	415	267.8895399	51.67318653	NA	144.8571608	0.811117294	1469.2	40.33	31.12975676	49.72734174	52.73347095	56.81954672
47.5769924	1047.095991	599.7511582	64.3859506	78.2880889	26.5198394	121.5918817	494.939	48.081	6587.3	4050.1	80.161	84.978	58.102	106.0091566	425.8	277.6881754	53.05463735	NA	151.1500653	0.896791589	1496.4	41.17	31.12248081	49.71571899	54.49905624	51.94983554
48.9417204	1049.984913	601.7602293	66.1628275	81.2409732	27.3047573	122.7894518	491.639	48.946	6662.9	4066.4	80.278	82.738	58.581	103.0643514	426.9	286.6958321	54.39789814	NA	152.3666053	0.968121442	1528.9	42.31	31.23646468	49.89779926	56.1120858	51.12978012
50.2965151	1052.448646	604.8241829	67.4016784	81.8849567	28.0326255	121.4880084	519.135	49.863	6585.1	4035.9	80.53	82.91	60.31	102.9554203	432.1	295.0289879	55.83196383	NA	149.3801662	0.918060968	1551.7	43	31.11926679	49.71058484	57.60787653	51.47071614
51.494926	1056.798245	607.360527	69.5731169	82.8079895	28.5278039	119.0229692	506.14	50.561	6475	4062.6	81.006	82.679	62.311	102.0652791	442.4	301.481331	57.21386043	NA	153.1585859	0.964949871	1567.4	43.38	31.000178	49.52034986	58.62548283	47.42170498
52.9331989	1058.219658	605.5538878	70.7795888	83.7470133	29.1462338	118.3208531	532.429	51.17	6510.2	4077.6	80.941	81.239	62.757	100.3681694	447.1	308.4311754	58.54232458	NA	154.1018019	0.99814818	1581.1	44.01	30.89896424	49.35866881	59.89637461	48.18837582
54.0795492	1052.575345	602.2340075	72.3376987	86.8691066	29.8918538	120.0882917	534.767	51.907	6486.8	4109.1	80.357	80.275	63.623	99.89795537	452.1	314.6342834	59.670917	NA	157.293393	1.051921541	1596.3	44.77	30.75307762	49.1256264	61.42864581	46.56222177
55.2412314	1053.026911	606.3737213	73.6376978	88.0448963	30.5042199	119.5649768	570.578	52.483	6493.1	4184.1	79.889	79.659	63.902	99.71210054	470.3	321.2176442	60.816452	NA	155.8704732	1.071130295	1606	44.91	30.60038489	48.88171175	62.6870763	46.0081815
56.4143515	1060.038116	609.8282373	74.4132234	87.8048664	30.7834777	117.9963216	556.214	52.907	6578.2	4224.8	80.226	77.979	63.915	97.19916237	484	326.3165967	62.05271794	NA	152.9519972	1.054918819	1623.2	44.94	30.68025025	49.0092904	63.26095936	43.40363053
57.4713067	1066.974312	609.8098128	75.7714386	89.1976439	31.2847514	117.7193485	588.355	53.265	6728.3	4308.4	80.521	77.979	63.447	96.84305957	499.1	333.8002613	63.12276943	NA	158.7352734	1.09744881	1655.3	45.46	31.07669201	49.64257498	64.29109168	45.21859754
58.7531075	1069.746282	608.7267321	77.7329098	92.5250991	32.0440079	119.0295067	583.1	53.823	6860	4384	80.975	78.13	63.482	96.48656993	510.4	342.789583	64.17897481	NA	164.6089349	1.161869012	1692	45.91	31.43637478	50.21713996	65.8513863	47.51622366
59.9206889	1081.445424	613.8909395	79.8768011	95.3158636	32.2504064	119.3285939	628.682	54.219	7001.5	4453.1	81.775	77.641	63.795	94.94466524	519.2	348.7705437	65.28612288	NA	166.4588709	1.185024773	1740.3	46.36	32.09760416	51.27340196	66.27554133	46.40995943
60.9771499	1090.736684	619.3777744	81.4521409	97.6514397	32.6600264	119.8881191	600.316	54.796	7140.6	4490.9	81.885	77.888	64.239	95.11876412	528	356.2348884	66.45691334	NA	167.3548433	1.202405467	1785.4	47.02	32.58267027	52.04825697	67.11732258	47.2596261
61.8760248	1085.582444	617.3323165	82.0854723	97.9693766	32.905188	119.3504452	626.388	55.257	7266	4554.9	82.416	78.324	64.272	95.03494467	537.3	357.2129441	67.33998671	NA	166.3069459	1.212450102	1828.4	47.46	33.0890204	52.85711154	67.62113693	47.11474414
62.8698955	1096.774758	618.5267799	83.7083762	100.5015784	33.2613243	120.0615553	632.731	55.705	7337.5	4589.9	81.582	76.929	64.847	94.296536	541.7	364.8018086	68.02418586	NA	170.2130581	1.301022533	1866.9	47.88	33.51404721	53.5360585	68.35300759	43.72485017
63.4960389	1102.387593	619.5809387	84.9553338	101.6717678	33.6848675	119.6767328	682.436	56.079	7396	4650.6	80.706	75.975	65.276	94.13798231	547.6	371.3377996	68.89157302	NA	172.9392182	1.366000439	1899.7	48.29	33.87542574	54.11333232	69.22340142	42.49143911
64.5565635	1104.864752	625.0001583	87.2392531	105.3243379	34.294147	120.7304443	655.551	56.724	7469.5	4729.7	79.821	74.134	65.929	92.8753085	562.4	378.9039425	70.04463729	NA	174.856173	1.460977636	1934	48.73	34.09491573	54.46395034	70.47548886	42.05335056
65.4173662	1115.407252	629.1768842	87.6214721	104.6406187	34.506003	119.4234885	678.598	57.075	7537.9	4774.1	79.501	74.443	66.297	93.63781588	575.9	384.8824599	70.98874534	NA	174.276817	1.377375968	1963.5	49.18	34.4021025	54.95465708	70.91085922	41.24532756
66.4442382	1124.849365	635.0430455	87.7403954	102.4477802	34.9734458	116.7623872	681.1	57.406	7655.2	4865.8	78.857	74.378	66.293	94.32009841	596.2	393.3985832	71.34459159	NA	170.8608558	1.274324952	1996.3	49.48	34.77511062	55.55050825	71.87146803	40.59194516
67.4074517	1131.555568	639.7210036	87.3327758	100.6700611	35.3781135	115.2717982	732.832	57.738	7712.6	4878.3	78.668	75.841	67.347	96.40641684	613.3	400.3230134	71.93736716	NA	165.1098324	1.172454975	2037.3	49.99	35.28525408	56.36542237	72.70307216	42.28292987
68.6481227	1127.695303	641.9221269	86.0956291	96.1249058	36.0896042	111.6489964	717.05	58.02	7784.1	4919.6	78.258	76.007	67.582	97.12361675	626.7	406.9807711	72.50683829	NA	156.8518476	1.083558347	2065.5	50.25	35.59979317	56.86787388	74.16520664	32.76957817
69.5856889	1148.371934	653.5201466	85.0082304	91.3055766	36.0647064	107.4079253	742.099	58.252	7819.8	4974.6	77.843	73.661	67.874	94.62764796	651.2	414.1569665	72.79227452	NA	156.499242	1.042994046	2083.7	50	35.77044565	57.1404778	74.11404092	26.61531261
70.3428986	1154.205846	658.3162548	84.2907132	87.7805272	36.4580295	104.1402117	746.076	58.487	7898.6	5064.7	77.395	74.168	68.288	95.83048001	678.8	420.8007076	72.9928219	NA	151.038033	0.987498995	2113.4	50.31	36.13452562	57.72206697	74.92233155	25.83080634
70.9445315	1157.064111	663.3247655	84.5110051	87.223193	36.8640889	103.2092719	795.95	58.813	7939.5	5097.1	77.996	75.074	69.374	96.25365403	708.3	426.5411428	73.24716657	NA	145.7052452	0.963245198	2153.9	50.66	36.62285549	58.50213558	75.75679566	28.40803356
71.5101355	1151.511052	664.4961536	84.5495555	87.7366816	37.47842	103.7695362	767.224	59.24	7995	5097.9	78.276	76.985	70.047	98.35070775	731.6	431.5681482	73.920744	NA	141.7187654	0.889241197	2195.3	51.27	37.05773126	59.19681548	77.01926429	31.83808192
72.1787749	1170.911144	675.9868123	84.940666	88.3246651	37.6285593	103.9839564	808.457	59.637	8084.7	5168.6	79.414	78.988	70.098	99.46357066	744.3	440.5969936	74.41884858	NA	144.0450342	0.869730623	2231.6	51.85	37.41972266	59.7750683	77.327805	33.54794266
72.6859271	1183.485651	681.802842	85.1166027	89.1938675	37.8221126	104.7902109	805.278	60.07	8158	5228.5	79.648	79.792	70.746	100.1807955	745.2	447.6192755	74.79898377	NA	144.7358522	0.886173427	2271.8	52.4	37.81921092	60.41321943	77.72556277	34.46765176
73.5525816	1198.5714	690.3841488	85.9160355	88.7581824	37.9988136	103.3080517	853.378	60.567	8292.7	5239.5	80.967	81.044	71.068	100.0951005	753.2	455.4429124	75.18429438	NA	141.8869569	0.823642283	2331.8	52.89	38.49951294	61.49994848	78.08868856	34.72775668
74.2583758	1205.189926	690.7489255	86.0028737	88.8677247	38.4696846	103.3311108	817.826	61.043	8339.3	5332.7	81.912	82.213	72.099	100.3674675	758.6	463.6327637	75.71036808	NA	142.7175889	0.810682648	2368.2	53.3	38.7956031	61.97292926	79.05634243	33.03895193
75.0801862	1216.268892	694.569846	87.046766	89.6659501	38.7622297	103.008939	864.269	61.633	8449.5	5371.8	83.625	83.688	72.884	100.0753363	772.7	471.4529411	76.25757927	NA	146.0533068	0.822185654	2423	53.92	39.31335486	62.79999703	79.65753128	35.53133446
75.7514035	1231.333642	704.5751729	88.4843478	91.8930466	38.9217746	103.8523184	857.462	62.359	8498.3	5417.7	84.642	82.769	73.607	97.78715059	782.8	479.2569045	76.84121837	NA	151.296227	0.897975375	2463.7	54.57	39.50833079	63.11145578	79.98540078	32.84682111
76.741903	1242.721569	709.8436928	89.7477064	92.0786269	39.2118448	102.5971923	925.626	62.859	8610.9	5479.7	84.496	83.44	73.912	98.7502367	785	487.2940528	77.43469559	NA	149.6164009	0.854518048	2507.7	55.17	39.89404858	63.72760966	80.58150364	31.55228649
77.6739668	1257.318931	716.6857	90.826749	94.3516994	39.6611228	103.8809607	885.66	63.55	8697.7	5505	85.312	84.767	74.068	99.36116842	784.2	498.6668048	78.4282171	NA	152.0800214	0.887914719	2543.2	55.8	40.01888277	63.92702247	81.50478325	36.81869508
78.3458586	1269.271741	721.1619122	92.1752533	96.7294638	39.9016311	104.9408169	924.717	64.207	8766.1	5530.9	85.448	85.697	74.08	100.2914053	775.9	506.4601274	79.33232302	NA	152.0677441	0.930812455	2564.6	56.7	39.94268538	63.80530311	81.99903494	37.33654296
79.1368105	1276.861724	729.5189612	92.5236885	96.2658792	40.5060294	104.0445758	926.767	64.672	8831.5	5585.9	84.938	84.234	74.378	99.17116014	779.4	517.2059858	79.8866157	NA	150.2517394	0.92723412	2593.3	57.14	40.09927016	64.05543501	83.24109137	34.90040921
80.2163493	1290.167245	737.0818064	92.5053633	95.6474045	40.9920675	103.3966044	1015.225	65.122	8850.2	5610.5	84.663	84.68	75.334	100.0200796	789.1	528.8662283	80.61479301	NA	144.1916333	0.886625207	2636.2	57.72	40.48094346	64.66512813	84.23991407	36.40911843
81.3575284	1307.6583	743.107603	92.1301169	95.0921123	41.6409008	103.2150132	946.591	65.841	8947.1	5658.7	84.737	86.003	76.222	101.4940345	798.3	544.5206961	81.62501223	NA	138.238925	0.829506332	2689	58.72	40.84081347	65.23999222	85.57328574	36.37691341
82.5185886	1313.629689	747.8762859	92.4145034	93.9860371	42.476724	101.7005271	1016.664	66.52	8981.7	5676.4	84.891	84.497	77.146	99.53587542	806.4	557.9868577	82.32614097	NA	136.7977966	0.817833807	2738.1	59.3	41.16205652	65.75315276	87.2909272	32.42218438
83.2823893	1325.812954	750.3756807	92.3833351	94.3217104	42.8408916	102.0981872	1025.65	67.114	8983.9	5699.3	85.677	86.957	77.793	101.4939832	815.3	567.9900901	83.08590453	NA	136.7770819	0.771308954	2771	60.32	41.2879578	65.95427017	88.03930241	44.34643167
84.2634351	1333.315283	756.9912341	93.4236783	95.9772961	43.5876928	102.7333732	1128.463	67.622	8907.4	5656.2	86.924	91.79	79.057	105.5979936	822.2	581.1613698	84.158198	NA	134.7869513	0.731768528	2775.9	61.35	41.05024992	65.57455049	89.57400102	49.12516671
85.4045031	1342.529295	765.3070905	93.4237906	95.2469525	43.9444766	101.9514964	1047.676	68.296	8865.6	5636.7	87.155	88.98	79.422	102.0939705	832.8	589.9674718	85.01999217	NA	135.5558461	0.74555407	2778.3	61.8	40.6802741	64.98354318	90.30720231	36.71870609
86.6244776	1346.517121	771.8719916	93.6513207	95.3763147	44.9294042	101.8419324	1091.279	68.764	8934.4	5684	86.665	86.525	79.585	99.83845843	849.5	604.9821201	85.85735402	NA	143.0289726	0.842030595	2803.9	62.17	40.77569659	65.1359731	92.33125773	33.89983337
87.7310291	1346.14512	769.3210688	94.0262669	96.2988936	45.4561251	102.4170126	1079.023	69.269	8977.3	5711.6	86.074	85.218	79.96	99.00550689	866	611.9054094	86.95572149	NA	143.3083156	0.849770515	2829.3	62.64	40.84511109	65.24685732	93.41368479	34.74571175
89.0398725	1358.946976	780.1736194	94.2021089	95.5920218	45.7576259	101.4754584	1171.457	69.643	9016.4	5710.1	86.228	85.603	80.467	99.27517744	887.5	621.8218734	87.65537397	NA	139.5707667	0.797139024	2857.4	63.16	41.02924917	65.54100345	94.03327788	35.25833204
89.7013553	1379.461008	784.8994249	93.9752375	94.9638512	45.9744991	101.0519938	1087.449	69.942	9123	5817.3	86.082	85.991	80.847	99.89428684	924.1	634.2002879	88.58786589	NA	138.9127102	0.79200749	2916.4	63.59	41.69740642	66.60833218	94.47895873	32.98304483
90.5384196	1368.931233	785.7915288	94.2545225	94.9066051	46.7835396	100.6918316	1125.542	70.388	9223.5	5857.2	86.162	86.32	80.838	100.1833755	949.6	640.4344851	89.48961578	NA	138.5545976	0.786274587	2955.8	64.08	41.99295334	67.08044518	96.14156095	35.24122753
91.3039277	1365.097832	784.3660963	94.1665062	94.5427247	47.6910045	100.3995248	1120.234	70.723	9313.2	5920.6	86.151	87.418	81.06	101.4706736	975	651.0288692	89.92055319	NA	133.2505949	0.721535417	2979	64.57	42.12208193	67.28671795	98.00642822	35.40224724
92.1218361	1362.368202	790.8328053	94.4478204	95.5021524	47.756811	101.1163116	1215.275	71.201	9406.5	5991.1	85.991	86.72	81.23	100.8477631	1014.8	650.6236068	90.52134173	NA	134.7270156	0.78856373	3022.8	65.14	42.45445991	67.81766568	98.14166253	33.59952428
93.2722932	1353.085656	777.6594042	95.0600151	95.8403464	48.0544032	100.8208828	1137.567	71.606	9424.1	6013.8	86.091	86.21	81.243	100.1382258	1034.1	650.2172372	91.62004721	NA	138.1606338	0.839999215	3021.6	65.61	42.19758121	67.40732212	98.75322332	32.09209644
94.1202267	1354.089333	777.525567	95.762665	96.0044598	48.2536627	100.2524938	1180.858	72.041	9480.1	6067.8	86.326	86.515	82.304	100.2189375	1062.9	653.3976993	92.45407738	NA	134.9725157	0.828606611	3068.8	66.08	42.59796505	68.04690386	99.16270751	32.10422533
94.7532124	1359.703544	780.0347743	96.6830065	97.0081973	48.0353316	100.3363474	1175.545	72.475	9526.3	6134.8	86.266	85.745	82.418	99.39605407	1094.3	653.1381059	93.05269308	NA	136.667199	0.869361641	3096.6	66.39	42.7264574	68.2521603	98.71403062	30.67702242
95.518241	1363.264038	784.4277597	96.8582896	96.9672293	48.0719369	100.1124733	1287.86	72.853	9653.5	6189.1	86.229	85.39	82.422	99.02700947	1122.3	655.3474278	93.51985235	NA	133.232455	0.877188912	3143.6	66.94	43.1499046	68.92858396	98.7892556	28.94733937
96.054765	1375.896261	785.0212366	96.878609	97.8903102	47.8246894	101.0442978	1241.312	73.206	9748.2	6260.1	86.614	85.325	81.59	98.51178793	1136	658.0181137	94.41865712	NA	128.7002465	0.888731456	3156.7	67.28	43.12078245	68.88206361	98.28115466	28.36858039
96.698743	1384.465719	787.2826962	97.253501	97.9234808	47.8889966	100.6889004	1278.042	73.571	9881.4	6308.6	86.953	86.118	82.189	99.03971111	1143.2	663.0067417	95.0868356	NA	121.5530703	0.859513915	3228.7	67.66	43.88549836	70.10363722	98.41330786	31.68176907
97.3883237	1393.789113	793.0048473	97.5778446	97.9398041	47.984429	100.3709443	1257.383	73.969	9939.7	6357.5	87.36	87.564	82.618	100.2335165	1151.1	668.8017478	95.61772336	NA	115.7564598	0.815105993	3262	68.29	44.09955522	70.44557624	98.60942427	33.98097671
98.1948691	1404.847828	796.6187975	98.4837625	98.855473	48.160998	100.3774333	1343.081	74.376	10052.5	6425.9	87.912	87.906	82.364	99.99317499	1150.6	676.5887347	96.01969761	NA	114.2789803	0.806317455	3314.9	68.68	44.56948478	71.19625181	98.9722788	34.46501172
98.8117596	1412.478823	800.141226	99.5206104	100.1361149	48.196114	100.6184694	1262.191	74.803	10086.9	6442.9	88.857	88.651	83.101	99.76816683	1148.5	680.7599031	96.85189295	NA	110.62475	0.78536314	3364.6	69.19	44.97947943	71.85118607	99.04444322	35.31107939
99.7782528	1420.314042	809.0968976	99.6327555	100.1229232	48.5659963	100.4919744	1303.727	75.132	10122.1	6500.7	89.566	89.941	83.376	100.4186857	1146.3	689.7896648	97.65089303	NA	108.1583642	0.751309529	3399.3	69.75	45.24436991	72.2743278	99.80456231	36.71975665
100.3972926	1426.179602	808.3239862	100.1878334	99.9499389	48.7705109	99.76255151	1303.692	75.489	10208.8	6560.3	89.348	89.386	83.828	100.0425303	1144.3	695.5550789	98.05272933	NA	107.12481	0.761949849	3442.3	70.1	45.6000212	72.8424528	100.2248459	34.38710427
100.996958	1431.057877	809.8442722	100.6508505	99.797577	49.1117725	99.15224412	1423.101	75.861	10281.2	6606.4	88.939	88.585	83.929	99.60197439	1133	702.8178887	98.44989312	NA	105.4995029	0.759097786	3482.2	70.49	45.90237408	73.32543779	100.9261486	35.33628079
101.3503666	1432.267172	815.774642	100.709832	100.6500473	49.2296447	99.94063668	1341.316	76.272	10348.7	6667.7	88.772	88.394	84.297	99.57419006	1121.5	705.1000395	99.27225577	99.3573051	105.4801082	0.776800796	3529.8	71.11	46.27910636	73.92723802	101.1683795	36.75040849
101.7311319	1442.138761	818.7122621	100.3497388	100.4096447	49.253323	100.0596971	1395.422	76.562	10529.4	6740.1	88.494	87.937	84.115	99.3705788	1118.8	710.3012614	100.0572383	99.87273832	106.0792357	0.797128857	3594.7	71.72	46.9514903	75.00131856	101.2170391	37.53410489
102.0949518	1451.620519	823.5055357	100.0984928	99.9512149	49.4556708	99.85286702	1398.051	76.778	10626.8	6780.7	87.838	87.054	84.548	99.1074478	1103.4	717.908665	100.1553611	100.158439	104.0018351	0.784802873	3650.8	72.14	47.55007945	75.95751772	101.6328698	38.17004096
102.3901799	1457.784719	824.769777	100.482906	100.7299085	49.546319	100.2458154	1528.487	77.168	10739.1	6834	86.936	87.024	84.867	100.1012239	1083.5	722.278667	100.5151448	100.6115175	104.6966988	0.792438036	3707.2	72.76	48.04063861	76.74114745	101.8191545	40.53764005
102.794435	1461.462409	827.1879331	101.187002	101.7305553	49.8266024	100.537177	1455.677	77.647	10820.9	6906.1	86.691	86.368	85.825	99.6274123	1077.5	728.1970635	101.206677	101.1258366	108.2599031	0.848198507	3781.5	73.21	48.70117326	77.79629968	102.3951452	40.08338267
103.2135146	1480.240821	834.6964861	101.5916954	101.9777126	49.5690783	100.3799692	1524.569	77.857	10984.2	6937.4	86.633	84.575	85.442	97.62446181	1064.6	733.7417319	101.5430981	101.2509096	110.6078903	0.874508631	3839.9	73.38	49.31990701	78.78467826	101.8659256	36.80732886
103.5970138	1491.258441	836.7315335	102.1283218	103.1382069	49.6201162	100.9888394	1522.876	78.135	11124	7056.1	86.411	84.019	85.609	97.23183391	1069.2	739.9641716	101.8748467	101.7791625	113.3268666	0.914645068	3908.2	73.74	50.01855762	79.90071775	101.97081	36.65438182
104.0686587	1507.867487	846.4657515	102.6798451	102.9159277	49.4920293	100.2299211	1626.864	78.395	11210.3	7139.9	86.023	83.353	86.849	96.89617893	1069.6	746.2742186	102.1925777	102.2285396	107.7929679	0.890150698	3995.5	74.14	50.9662606	81.41459884	101.7075876	36.51263946
104.3788316	1516.949269	851.9882095	102.5337482	102.421055	49.4383007	99.8900916	1599.617	78.523	11321.2	7213.6	85.153	81.292	87.829	95.4658086	1076.2	749.9539416	102.4542386	102.3525218	107.448189	0.920159358	4080.7	74.29	51.96821314	83.01513932	101.5971737	30.44355822
105.0678909	1523.450995	857.8169069	101.8927323	101.2156753	49.772577	99.33551983	1686.33	78.687	11431	7341	84.697	80.295	88.451	94.80264944	1077.3	758.2608199	103.047648	102.7115648	105.5887595	0.908779214	4150.6	74.54	52.74823033	84.26115553	102.2841214	28.81610943
105.2769534	1531.897915	865.4144443	101.1398536	100.0412665	50.0902144	98.91379406	1657.14	78.981	11580.6	7437.5	84.011	79.249	88.543	94.33169466	1077	767.3309506	103.1597883	103.0053396	102.3844172	0.894719049	4221.4	74.92	53.44829769	85.37945817	102.9368757	26.72098702
105.7112695	1535.965335	873.7499749	100.335107	98.4144353	50.4895344	98.08574311	1785.398	79.228	11770.7	7546.8	83.704	79.198	88.347	94.61674472	1092	775.5017465	103.1457708	103.1295408	97.9259613	0.849649218	4291.9	75.27	54.17150502	86.53472508	103.7574901	24.53540162
105.7762568	1549.907033	879.23019	100.0038927	97.8836273	50.4292516	97.87981713	1796.445	79.624	11864.7	7618.7	85.364	79.767	89.019	93.44337191	1097.1	781.6065178	103.3793965	103.2553224	100	0.891572096	4375.9	75.55	54.95704813	87.7895685	103.6336072	24.17470465
106.0807724	1559.874256	885.3579963	100.3340586	98.904327	50.8526971	98.57502864	1886.693	79.891	11962.5	7731.5	85.486	80.726	89.042	94.43183679	1101.7	793.238131	104.0942914	103.7367766	103.8404831	0.94615229	4418	76.11	55.30034672	88.33796105	104.5038003	29.34372137
106.368509	1576.538323	894.2456973	101.1357016	100.5346123	50.939646	99.40566062	1876.545	80.18	12113.1	7819.3	85.579	81.682	89.045	95.44631276	1098.3	803.0830408	104.3839873	104.2078726	104.7252162	0.953682805	4479.2	76.68	55.86430531	89.23884061	104.6824828	34.78922229
106.6415131	1596.914386	902.1298868	102.3080346	102.269377	50.9129089	99.9622145	1972.045	80.547	12323.3	7934.1	85.867	82.783	89.339	96.40839904	1112.1	813.0355667	104.7671335	104.7099314	106.1333345	0.96339542	4587.7	77.24	56.95680783	90.98402758	104.6275373	39.25575492
107.0733072	1614.593103	909.0941197	103.5895266	105.1406032	51.1194425	101.4973296	1986.051	81.163	12359.1	8054.9	86.454	84.331	92.845	97.54435885	1112.8	825.3709923	105.4539932	105.3299076	110.0505553	1.013733753	4759.3	78.01	58.63878861	93.67085979	105.05197	42.85598751
107.4769643	1629.545111	916.9186926	104.7298984	106.4919893	51.2319302	101.6825099	2024.238	81.623	12592.5	8132.2	87.087	84.456	91.243	96.97888319	1107.7	834.8474139	106.1361805	105.7275587	113.409023	1.071583507	4786.7	78.62	58.64400965	93.6792	105.2831355	42.14785514
108.0707968	1638.287131	921.1699189	105.6543853	108.1336202	51.6697667	102.3465518	2002.243	82.152	12607.7	8211.3	87.529	85.085	93.056	97.20778256	1101.1	846.4991387	106.7295899	106.5512878	114.8799385	1.104681299	4879.2	79.34	59.3923459	94.87460837	106.1829025	44.96554553
108.4114285	1651.875255	922.4269181	106.6993713	109.8454575	51.7963341	102.9485518	2084.6	82.593	12679.3	8284.4	87.53	85.36	92.657	97.52084999	1093.2	855.6108264	107.4071046	107.2852841	117.0319136	1.151673583	4904.6	79.9	59.38275641	94.85928992	106.4430023	44.00877416
109.3671268	1666.027699	931.5750605	106.5011005	108.6536348	51.8619512	102.0211381	2096.001	83.112	12643.3	8319.4	87.42	85.124	95.241	97.37359872	1102.3	864.0344723	107.710818	107.62975	109.9600799	1.083170576	4989.8	80.67	60.03705843	95.90448601	106.5778474	40.70711594
110.0963926	1667.191973	934.5637154	106.7427942	108.8470748	52.3199602	101.9713561	2191.444	83.699	12710.3	8340.8	86.938	83.328	94.078	95.84761554	1120.5	872.2741766	109.2574205	108.7891438	112.5426212	1.1461085	4970.9	81.23	59.39019582	94.8711738	107.5190694	41.47331647
110.7386952	1668.840307	937.9074978	106.0880023	108.0597625	52.7963204	101.8586081	2187.299	83.973	12670.1	8371.2	86.521	82.101	93.714	94.89141365	1164.9	881.0862756	109.3275083	109.1795087	110.2934569	1.123253772	4943.9	81.46	58.87487645	94.04799157	108.4980038	38.84055405
111.4947088	1671.736767	937.7969404	105.7840661	106.2245206	53.1762203	100.4163713	2278.976	84.227	12705.3	8499.1	85.605	80.139	93.223	93.61485895	1173.3	888.9664253	109.705982	109.5444487	109.3641776	1.116221714	4942	81.4	58.67477175	93.72834003	109.2787093	32.32372005
112.3168528	1674.834036	938.8216524	105.9740092	106.1832941	53.5893572	100.197487	2238.652	84.497	12822.3	8524.6	85.315	79.945	91.878	93.70567895	1191.5	897.5327938	110.4722745	110.4261412	110.4971696	1.140775359	4960.2	81.66	58.70267583	93.77291461	110.1277179	34.9043925
112.69522	1682.715848	940.5774524	105.9137677	106.352642	53.6913282	100.4143695	2349.754	84.812	12893	8568.1	85.957	81.818	92.412	95.1848017	1189.8	903.4724882	111.565643	111.0518932	107.5274763	1.08835546	5008.7	82.3	59.05650144	94.33812323	110.3372713	39.22341285
113.4981713	1689.56578	945.5258088	105.5613075	105.3565062	53.9665923	99.80598829	2364.441	85.19	12955.8	8628	86.543	82.309	92.073	95.10763436	1194.1	911.8010756	111.6310582	111.5178007	102.648096	1.016516859	5018.4	82.75	58.90832257	94.10141913	110.9029472	41.39437903
114.0690461	1691.160891	950.5127346	105.4566105	105.417376	54.2558378	99.9627956	2499.429	85.651	12964	8674.4	86.53	82.677	92.451	95.54720906	1211.2	917.5535108	112.2338127	112.0357745	101.3280771	1.000637907	5029.6	83.24	58.72202309	93.80382034	111.4973553	41.75017045
114.7124493	1687.967852	950.1023532	105.4118927	105.6227456	54.6662007	100.2000276	2497.509	86.179	13031.2	8712.5	87.381	85.106	92.089	97.39645918	1234.8	922.7478947	113.0234677	113.0198516	96.3410384	0.93184652	5039.2	84.09	58.47364207	93.40705116	112.3406632	46.72367946
115.2597335	1688.90526	951.8755518	104.3177014	103.7051145	54.9137064	99.41276802	2605.444	86.455	13152.1	8809.5	87.555	83.818	92.369	95.73182571	1266.3	927.4404752	113.7944327	113.2376549	92.9600091	0.879321618	5110	83.95	59.10589324	94.41702275	112.8492948	41.62573259
116.2496403	1697.505361	956.27482	104.1839806	103.3079117	55.4006726	99.15911362	2615.593	86.934	13372.4	8939.4	87.826	84.327	91.85	96.01598615	1293.3	940.4293875	113.9439532	113.8227104	93.6562579	0.88907808	5175.1	84.58	59.52906803	95.09301124	113.8500247	44.04345982
116.3965215	1710.259593	958.5180486	104.3273219	103.4487139	55.0684145	99.15783518	2727.088	87.346	13528.7	9008.8	88.342	84.794	92.291	95.98379027	1300.7	941.8128422	114.5840878	114.348362	91.2700495	0.84105284	5260	84.9	60.2202734	96.19715754	113.1672245	46.69887987
117.0334928	1719.572359	964.8672964	104.2203668	103.6896196	55.1889373	99.49074522	2745.527	88.108	13606.5	9096.4	89.399	86.439	92.007	96.689001	1318.7	949.0137102	114.9999416	115.0288002	89.1836964	0.800176039	5290.1	85.62	60.04108594	95.91091965	113.4149024	51.62540425
117.6813451	1728.541618	967.4317242	105.187003	105.0315259	55.2720504	99.85218982	2833.384	88.875	13706.2	9155.5	90.661	87.57	93.089	96.59059574	1335.9	955.4003936	116.4390762	115.8695259	91.1789833	0.830145618	5393	86.29	60.68073136	96.93270298	113.5857023	55.2021594
118.1868083	1734.113757	969.2693946	105.6774116	105.9672545	55.3413813	100.2742714	2857.107	89.422	13830.8	9243	91.191	88.819	94.284	97.39886612	1351.9	959.682507	116.5558891	116.455206	90.427355	0.818338723	5501.2	86.84	61.51953658	98.27262844	113.7281794	60.17387095
118.8085596	1740.178833	977.3112603	106.3609644	106.6260035	55.5792139	100.2491883	2948.883	90.049	13950.4	9337.8	92.07	90.889	94.297	98.71728033	1370.6	967.1777163	117.2661114	116.9918266	88.164193	0.770606724	5540.3	87.78	61.52539173	98.28198158	114.2169324	62.36080289
119.3383777	1743.769997	980.3504647	106.6543533	107.1758338	55.8686945	100.4889444	2997.572	90.883	14099.1	9409.2	93.757	91.451	94.029	97.54045031	1370	974.221532	117.3829243	117.4419123	88.7023416	0.762603874	5590.7	88.22	61.51535491	98.26594855	114.8118236	68.83043927
119.8792714	1755.401769	985.5753179	107.4407615	108.1848836	56.0379189	100.6925883	3304.862	91.543	14172.7	9511.5	94.374	92.471	94.584	97.98355479	1367.6	983.6906199	118.8173864	118.2123304	90.7234959	0.794047333	5650.8	88.82	61.72836809	98.60622038	115.1595848	72.12469986
120.2893318	1768.186055	991.188262	107.8736385	109.8198449	56.1586821	101.8041538	3323.148	92.399	14291.8	9585.2	95.046	94.686	95.023	99.62123603	1374	992.9899864	119.2519303	119.1645962	92.4635864	0.819725069	5748.5	90.16	62.21387677	99.38178237	115.4077567	79.37907286
121.1305901	1779.034687	995.5226182	108.8703227	110.9356335	56.6177213	101.8970375	3482.137	93.1	14373.4	9621.3	95.646	96.483	95.575	100.8751019	1375.5	1007.248901	120.0322404	119.6952125	93.6157599	0.841475264	5822.3	91	62.53813104	99.8997531	116.3510959	76.55793109
121.5229742	1795.662925	1001.603413	109.4787029	112.5833289	56.3897858	102.8358264	3469.61	93.832	14546.1	9729.2	96.344	96.673	96.994	100.3414847	1381.2	1012.570477	120.1350357	120.1994344	93.6943504	0.831738102	5987.3	91.48	63.80872197	101.9294223	115.8826817	84.78249364
122.1885263	1814.288083	1006.603084	109.966311	112.999777	56.662953	102.7585412	3600.681	94.587	14589.6	9781	97.658	97.71	96.965	100.053247	1380.6	1028.029204	121.770416	121.1337946	91.1573479	0.794758695	6026.7	92.3	63.71594405	101.7812169	116.4440484	95.18414798
122.7981985	1825.9955	1009.324757	110.338382	113.3426672	56.8837432	102.7227925	3583.87	95.247	14602.6	9838.1	98.972	98.726	97.626	99.75144485	1368.1	1038.69459	121.8685388	121.7838992	90.2656532	0.78474646	6072.1	93.17	63.75108927	101.8373586	116.8977788	96.30475903
123.374151	1845.960802	1019.002913	110.8455753	112.9264912	56.9507674	101.8773107	3758.611	95.58	14716.9	9938.4	98.875	97.525	98.66	98.6346397	1369.1	1051.288843	122.1956148	121.8417135	90.3820977	0.775979613	6189	92.79	64.75204018	103.4362991	117.0355155	89.43872238
124.4736722	1860.183999	1019.01035	111.039085	113.1600694	57.1802711	101.9101242	3738.98722	96.654	14726	9990.7	99.546	97.891	101.048	98.33745203	1368.4	1063.658254	122.4152231	122.4811988	89.8340084	0.763017496	6358.1	93.7	65.782068	105.0816876	117.5071524	89.84516813
125.0097926	1871.852136	1026.047612	111.6157598	113.9827169	57.4487418	102.1206298	3849.58657	97.194	14838.7	10024.6	100.583	99.522	100.478	98.94514978	1374.9	1075.3555	124.0973285	123.4631408	89.0060796	0.741763435	6381.8	94.76	65.66043171	104.8873832	118.0588677	102.2522109
125.6681393	1880.689928	1029.733801	111.9023084	114.4034593	57.776464	102.23512	3827.75621	97.531	14938.5	10069.2	101.319	101.305	99.756	99.98618226	1372.4	1086.596139	124.2001238	124.1276314	88.6806394	0.727892505	6404.2	95.36	65.66322503	104.8918453	118.7323465	104.8975218
126.5145272	1891.14249	1033.979912	112.7486538	115.9410489	58.2849957	102.8314264	3901.28006	97.956	14991.8	10081.8	102.839	105.419	100.343	102.5087759	1374.7	1102.252319	125.7794339	125.3937918	86.8092817	0.690317967	6478.6	96.53	66.13785781	105.6500339	119.7773942	117.8075497
127.0618915	1900.915937	1034.446865	113.9836817	118.1970305	58.8751849	103.6964491	3852.52715	98.516	14889.5	10061	104.412	108.881	102.176	104.2801594	1384.1	1119.167773	126.6017966	126.6746597	85.44288	0.667733604	6551.5	97.58	66.50188802	106.2315436	120.9902505	132.5375176
127.7208112	1894.603442	1032.799978	114.483324	119.4666161	59.5535112	104.3528541	3914.92493	98.995	14963.4	10077.9	107.287	114.506	101.348	106.728681	1395.7	1128.302873	128.6904108	128.0386549	83.4923714	0.640117782	6543.1	98.85	66.09525734	105.581983	122.3842312	155.0109239
128.0324337	1884.194357	1027.975379	115.5580059	121.2196528	60.1872637	104.8993982	3877.01654	99.673	14891.6	10005.1	108.916	117.626	101.95	107.9969885	1427.4	1134.045027	129.064212	128.9779145	85.3334897	0.664441793	6555.2	100.37	65.76705828	105.0577108	123.6866114	144.911759
128.6559723	1851.168667	1024.379999	113.7388834	116.82287	61.2580845	102.711462	4035.74235	99.815	14577	9884.7	102.389	105.094	103.542	102.6418854	1529.8	1133.990467	128.7324635	128.3125009	87.5474931	0.758753226	6524.5	98.07	65.36592696	104.416935	125.8871799	82.49325903
128.941005	1796.101243	1018.578091	111.3573414	112.3206379	62.6801164	100.8650498	4130.77185	100.062	14375	9850.8	98.968	96.31	100.231	97.3142834	1579	1125.79835	127.8820657	128.0053611	84.4381823	0.767541989	6240.2	97.4	62.36333473	99.62052972	128.8094976	69.15100718
128.9543802	1791.766284	1019.331296	110.1383759	110.3849386	62.6483619	100.2238663	4311.63266	99.895	14355.6	9806.4	98.92	97.836	100.701	98.90416498	1628.6	1122.512227	128.9567442	128.2923345	83.8712413	0.733574151	6265.2	97.91	62.71785375	100.186846	128.7442411	84.56823536
129.1223707	1797.148704	1017.361581	110.1724255	110.7026707	62.6825654	100.4812867	4379.34737	99.873	14402.5	9865.9	100.194	101.265	99.852	101.0689263	1659	1126.498911	128.5969605	128.5186173	83.0022198	0.699151802	6247.2	98.76	62.55144033	99.92101364	128.8145304	95.27132298
129.4343602	1806.308312	1021.718698	110.6112859	111.1747785	62.5576333	100.509435	4556.17083	100.169	14541.9	9864.8	101.746	104.339	99.237	102.5485031	1683.9	1129.98373	129.2791477	128.8224706	82.0564075	0.676616045	6287.7	99.53	62.77091715	100.2716106	128.5577912	103.8625414
129.4107328	1814.253372	1022.905906	112.1127115	113.8149961	62.4220754	101.5183689	4544.31773	100.522	14604.8	9917.7	102.638	105.904	98.094	103.1820573	1698.3	1132.494607	129.2978378	129.4665617	86.1966484	0.723113935	6247	99.69	62.14559997	99.27271554	128.2792157	107.5165939
129.7905007	1831.550073	1025.871725	113.8449813	116.7309183	62.1924617	102.5349708	4713.44128	100.968	14745.9	9998.4	103.773	105.387	98.794	101.5553179	1713.2	1139.086079	131.0126508	130.3014696	91.3487666	0.786936357	6373.6	99.65	63.12495048	100.8371511	127.8073527	114.6158507
130.2480008	1839.418719	1027.036681	114.6755071	117.9162714	62.1114656	102.8260301	4664.40682	101.429	14845.5	10063.1	104.024	104.743	98.74	100.6911866	1742.9	1142.489925	130.8070602	130.7342791	91.6262317	0.774569703	6434.8	99.94	63.44142208	101.3426896	127.6409033	115.3410263
130.5131179	1849.611205	1031.294554	115.3709315	119.0536418	62.1637167	103.1920608	4754.38992	101.949	14939	10166.1	106.456	107.149	98.825	100.6509732	1814.3	1149.787069	131.9051012	131.3958515	89.7693008	0.736230811	6486.8	100.75	63.62789238	101.6405613	127.7482809	128.2236246
130.7571155	1865.176284	1030.265107	117.4513638	122.8099871	62.102938	104.562419	4692.93466	102.399	14881.3	10217.1	109.183	111.48	101.354	102.1038074	1875.2	1158.329272	132.5031832	132.7241101	90.1637753	0.730999997	6591.3	101.83	64.36879266	102.8240913	127.6233789	150.8092503
131.1250791	1865.336063	1025.833127	117.9672631	123.8487935	62.5248106	104.985731	4769.3473	103.145	14989.6	10237.7	111.511	114.891	100.609	103.0310911	1931.5	1166.29784	134.6291775	133.8536411	87.9732574	0.694897139	6623.5	102.99	64.21542489	102.5790983	128.4903396	163.3971922
131.5409397	1865.564473	1027.398625	118.2207452	123.9491611	62.6353159	104.8455251	4758.47881	103.768	15021.1	10282.2	112.156	114.814	101.404	102.3699133	2077.5	1168.502201	134.3488266	134.2936902	88.8737315	0.707862855	6697.8	103.66	64.54591011	103.1070225	128.7174312	156.4791366
132.0710043	1859.352347	1021.706933	118.7257247	124.6671011	63.0704629	105.0042873	4866.633	103.917	15190.3	10316.8	110.95	114.543	99.378	103.2383957	2155.6	1172.702131	135.7879613	135.2218458	89.5791178	0.741754644	6652.4	104.12	64.01647469	102.261291	129.6116712	144.6242116
132.3493109	1856.010353	1019.099099	119.8904037	126.795337	63.314082	105.7593711	4831.825	104.466	15291	10379	111.684	115.757	101.681	103.6468966	2216	1175.115917	136.0636397	136.3353359	92.3330985	0.762879459	6849.5	104.71	65.56678728	104.7377936	130.1123157	153.6122775
132.7994776	1850.246751	1014.830527	119.9595236	126.8509172	63.7209802	105.7447657	4958.226	104.943	15362.4	10396.6	111.986	115.046	101.724	102.7324844	2260.8	1178.995366	137.9419907	137.1026913	93.1166782	0.780383672	6887.6	104.93	65.63181918	104.8416769	130.9485036	143.3654583
133.1403611	1847.888507	1012.456024	120.7596255	127.3208999	63.8406499	105.4333345	5022.847	105.508	15380.8	10424.1	111.92	113.371	102.118	101.2964618	2349.5	1179.704033	137.7691077	137.7433653	95.2573826	0.799843477	6915.8	105.4	65.5476362	104.7072012	131.1944283	142.0478558
133.7201126	1840.007808	1006.835834	120.8952041	127.0539134	64.1045034	105.0942544	5151.39	105.935	15384.3	10453.2	112.287	114.516	105.331	101.9850918	2433.9	1179.527867	138.9185464	138.3141933	93.131269	0.771192118	7102.8	106.11	67.04866192	107.104972	131.7366551	142.9045111
134.2645429	1834.823559	1004.038918	120.4198979	126.456817	64.5066953	105.0132239	5178.906	106.349	15491.9	10502.3	112.61	114.809	102.477	101.9527573	2476.6	1183.584042	138.5867978	138.8671858	90.9315648	0.757214915	7008.7	106.53	65.90282936	105.2745944	132.5631714	147.0604822
134.6912045	1842.163994	1006.194488	119.9407192	125.2488291	64.4301545	104.4256112	5245.803	106.57	15521.6	10523.9	111.788	113.593	103.967	101.6146635	2525.8	1186.909107	139.8717395	139.0056145	90.6497449	0.765560937	7111.5	106.41	66.73078728	106.5971922	132.4058778	134.2742863
134.7923619	1847.389505	1008.802736	119.8064924	125.1172152	64.5405586	104.4327504	5328.931	107.084	15641.3	10573.1	111.972	113.075	103.745	100.9850677	2557.8	1192.315507	139.6147511	139.5597071	88.7169119	0.755185032	7157.8	106.98	66.84285234	106.7762073	132.6327615	138.6019697
135.1540114	1850.757937	1010.575606	119.6294952	124.5921674	64.6442843	104.1483684	5386.069	107.636	15793.9	10662.2	111.899	113.08	103.26	101.055416	2632.9	1196.409223	140.03995	139.441249	87.2509469	0.734764824	7226.3	107.4	67.13645992	107.2452224	132.8459209	138.0211217
135.490779	1854.587787	1010.664314	119.0705744	124.0078801	64.8679692	104.1465372	5466.966	108.083	15757.6	10713.4	112.729	114.866	105.953	101.8956968	2724.7	1203.033435	139.4885932	139.7523652	85.8115391	0.730123263	7370.9	108.08	68.19666368	108.9388146	133.3056	136.2700652
135.6152102	1856.421399	1012.619483	118.8256683	123.4449195	65.0736619	103.8874187	5536.211	108.692	15935.8	10805.1	112.7	113.97	104.665	101.1268855	2799.8	1208.041385	140.656722	139.7923532	86.1481009	0.72935599	7417	108.59	68.23869282	109.0059529	133.7283046	137.6937592
135.9538406	1861.983047	1017.005704	119.2403626	123.4288692	65.2595983	103.5126584	5675.527	109.187	16139.5	10909.9	112.416	113.232	104.315	100.7258753	2831.8	1215.122657	140.1053652	140.0074433	87.9678259	0.754398659	7512.9	108.87	68.80764194	109.9148044	134.1104094	129.0691537
136.5068542	1868.781404	1022.738326	119.1574782	122.1554517	65.4354302	102.515976	5921.083	109.345	16220.2	11045.2	110.395	110.985	106.076	100.5344445	2891.5	1222.845152	140.2689032	139.6890642	89.0828563	0.80012502	7648.7	108.67	69.95015776	111.7398837	134.4717491	104.748341
136.944228	1879.124098	1026.795521	118.8823901	120.7639901	65.4459491	101.5827407	6146.649	109.326	16350	11145.3	107.65	106.668	106.286	99.08778449	2981	1229.8106	139.0447043	139.3025033	93.9553921	0.887986807	7729.4	107.98	70.70047381	112.9384547	134.4933658	83.10601379
137.3936264	1886.203648	1030.105709	119.7903534	122.0300775	65.6253224	101.8697032	6321.852	109.916	16460.9	11227.9	107.371	105.203	106.847	97.98083281	3001.3	1237.827226	140.9230554	140.061379	95.8079077	0.904755512	7825.1	108.61	71.19163725	113.7230497	134.8619832	89.50024278
137.8424525	1892.181893	1035.617957	119.377243	120.5691385	65.8845753	100.9984277	6464.189	110.286	16527.6	11304.6	106.238	103.874	106.709	97.77480751	3033.7	1246.656005	140.2315231	140.1025836	92.9636014	0.899563712	7885.5	109.02	71.50046243	114.2163737	135.3947556	76.34437946
138.4105398	1900.074835	1038.860482	118.9989795	119.3927952	66.1610548	100.3309404	6614.417	110.513	16547.6	11379.3	104.647	101.741	108.581	97.22304509	3056.4	1257.109553	140.502529	139.9357699	92.8303293	0.91301624	8042.5	109.11	72.77424375	116.2511393	135.9629292	68.38035145
